0: 72 39 91 4 54 
72: 0 16 41 68 100 96 
39: 0 45 
91: 0 19 21 25 44 50 
4: 0 1 75 
54: 0 20 33 74 92 
1: 47 4 79 101 71 
47: 1 8 11 12 24 
79: 1 2 
101: 1 
71: 1 3 31 34 56 93 
2: 76 79 5 
76: 2 27 59 78 
5: 2 49 
3: 63 71 80 42 
63: 3 14 23 35 102 66 98 
80: 3 26 49 68 
42: 3 27 46 97 48 44 
75: 4 7 23 89 
49: 5 38 98 89 80 
6: 93 16 98 
93: 6 71 
16: 6 72 48 
98: 6 12 34 49 63 83 
7: 75 82 50 
82: 7 15 30 
50: 7 12 23 37 58 88 91 66 
8: 28 47 34 60 
28: 8 9 
34: 8 98 71 
60: 8 53 56 90 
9: 14 53 28 
14: 9 63 100 84 32 103 78 
53: 9 24 60 
10: 58 57 
58: 10 23 50 55 78 64 
57: 10 23 85 
11: 47 17 24 
17: 11 104 
24: 11 53 47 
12: 50 98 47 
13: 18 
18: 13 20 70 
100: 14 36 72 
84: 14 32 73 
32: 14 102 84 
103: 14 20 
78: 14 58 65 76 86 90 96 
15: 23 82 
23: 15 63 58 29 57 87 75 50 
48: 16 42 
104: 17 27 29 67 69 
20: 18 37 54 67 103 68 
70: 18 19 90 92 
19: 91 70 
37: 20 26 50 52 61 99 
67: 20 104 
68: 20 72 80 73 
21: 97 91 69 89 
97: 21 38 42 
69: 21 89 104 
89: 21 22 49 69 75 
22: 89 
29: 23 30 104 51 
87: 23 
25: 91 73 
73: 25 68 84 
26: 37 62 80 
62: 26 
27: 76 104 42 77 
77: 27 86 
30: 29 85 82 95 
51: 29 
85: 30 57 95 102 
95: 30 36 41 85 
31: 52 45 71 94 
52: 31 37 46 
45: 31 39 46 
94: 31 
102: 32 63 85 
33: 55 54 46 
55: 33 46 58 
46: 33 42 45 55 81 52 
35: 63 
36: 100 95 41 
41: 36 64 95 72 81 
61: 37 
99: 37 
38: 88 43 49 97 
88: 38 50 
43: 38 
40: 64 90 
64: 40 41 58 
90: 40 60 70 78 
81: 41 46 
44: 42 91 
66: 50 63 
74: 54 
92: 54 70 
56: 60 71 
59: 96 76 
96: 59 72 78 
65: 78 
86: 77 78 
83: 98 
